 1.0000  0.7242  0.7885  0.6359 -0.3653  0.3525  0.0829
 0.7242  1.0000  0.4741  0.7334 -0.1404  0.4788  0.3336
 0.7885  0.4741  1.0000  0.4977 -0.2969  0.1785  0.0263
 0.6359  0.7334  0.4977  1.0000 -0.2143  0.5533  0.2583
-0.3653 -0.1404 -0.2969 -0.2143  1.0000  0.4870  0.6946
 0.3525  0.4788  0.1785  0.5533  0.4870  1.0000  0.5497
 0.0829  0.3336  0.0263  0.2583  0.6946  0.5497  1.0000